Number of elements : (409965,)
Max : 1.41421664263
Min : 0.835843246971

Using 10
Hist : 
5,43,123,399,1168,3895,12830,44808,145447,201247
bin_edges
0.835843246971,0.893680586537,0.951517926103,1.00935526567,1.06719260524,1.1250299448,1.18286728437,1.24070462393,1.2985419635,1.35637930307,1.41421664263

Using 11
Hist : 
5,26,91,253,678,1917,5626,17298,53570,150787,179714
bin_edges
0.835843246971,0.888422646577,0.941002046182,0.993581445788,1.04616084539,1.098740245,1.1513196446,1.20389904421,1.25647844381,1.30905784342,1.36163724303,1.41421664263

Using 12
Hist : 
5,20,69,168,400,1076,2914,7682,21797,61807,152838,161189
bin_edges
0.835843246971,0.884041029943,0.932238812915,0.980436595886,1.02863437886,1.07683216183,1.1250299448,1.17322772777,1.22142551074,1.26962329372,1.31782107669,1.36601885966,1.41421664263

Using 13
Hist : 
3,17,49,123,292,671,1593,3943,10181,26342,68986,152847,144918
bin_edges
0.835843246971,0.880333508176,0.924823769381,0.969314030585,1.01380429179,1.05829455299,1.1027848142,1.1472750754,1.19176533661,1.23625559781,1.28074585902,1.32523612022,1.36972638143,1.41421664263

Using doane
Hist : 
2,1,3,8,15,21,34,42,75,102,152,194,332,458,700,1059,1599,2320,3556,5651,8578,13048,20042,31405,46328,65272,84761,86771,37436
bin_edges
0.835843246971,0.855787157167,0.875731067362,0.895674977557,0.915618887752,0.935562797947,0.955506708142,0.975450618338,0.995394528533,1.01533843873,1.03528234892,1.05522625912,1.07517016931,1.09511407951,1.1150579897,1.1350018999,1.15494581009,1.17488972029,1.19483363048,1.21477754068,1.23472145087,1.25466536107,1.27460927127,1.29455318146,1.31449709166,1.33444100185,1.35438491205,1.37432882224,1.39427273244,1.41421664263

Using sturges
Hist : 
2,3,14,29,46,77,148,251,426,742,1396,2499,4396,8434,15668,29140,54164,91283,126923,74324
bin_edges
0.835843246971,0.864761916754,0.893680586537,0.92259925632,0.951517926103,0.980436595886,1.00935526567,1.03827393545,1.06719260524,1.09611127502,1.1250299448,1.15394861458,1.18286728437,1.21178595415,1.24070462393,1.26962329372,1.2985419635,1.32746063328,1.35637930307,1.38529797285,1.41421664263
