1.4036e+00
1.0614e+00
1.3633e+00
1.3548e+00
1.2425e+00
1.0847e+00
1.1238e+00
1.2077e+00
1.1258e+00
1.1833e+00
1.3625e+00
1.1057e+00
1.1192e+00
1.3580e+00
1.1462e+00
1.3263e+00
1.1091e+00
1.1735e+00
1.2029e+00
1.4041e+00
1.2577e+00
1.2362e+00
1.1317e+00
1.3016e+00
1.1454e+00
1.1790e+00
1.3913e+00
1.2702e+00
1.2092e+00
1.3381e+00
1.1461e+00
1.2640e+00
1.3647e+00
1.3683e+00
1.0820e+00
1.2968e+00
1.2079e+00
1.3881e+00
1.2192e+00
1.3108e+00
1.2625e+00
1.2978e+00
1.3531e+00
1.2648e+00
1.2206e+00
1.2058e+00
1.2941e+00
1.2228e+00
1.3669e+00
1.3297e+00
1.3298e+00
1.1546e+00
1.2021e+00
1.3624e+00
1.2312e+00
1.3229e+00
1.1242e+00
1.3677e+00
